/*--------------------------------*- C++ -*----------------------------------*\
  =========                 |
  \\      /  F ield         | OpenFOAM: The Open Source CFD Toolbox
   \\    /   O peration     | Website:  https://openfoam.org
    \\  /    A nd           | Version:  7
     \\/     M anipulation  |
\*---------------------------------------------------------------------------*/
FoamFile
{
    version     2.0;
    format      ascii;
    class       cellSet;
    location    "constant/polyMesh/sets";
    object      kzeroSetLower;
}
// * * * * * * * * * * * * * * * * * * * * * * * * * * * * * * * * * * * * * //


1808
(
33100 
33101 
33102 
33103 
33104 
33105 
33106 
33107 
33108 
33109 
33110 
33111 
33112 
33113 
33114 
33115 
33116 
33117 
33118 
33119 
33120 
33121 
33122 
33123 
33124 
33125 
33126 
33127 
33128 
33129 
33130 
33131 
33132 
33133 
33134 
33135 
33136 
33137 
33138 
33139 
33140 
33141 
33142 
33143 
33144 
33145 
33146 
33147 
33148 
33149 
33150 
33151 
33152 
33153 
33154 
33155 
33156 
33157 
33158 
33159 
33160 
33161 
33162 
33163 
33164 
33165 
33166 
33167 
33168 
33169 
33170 
33171 
33172 
33173 
33174 
33175 
33176 
33177 
33178 
33179 
33180 
33181 
33182 
33183 
33184 
33185 
33186 
33187 
33188 
33189 
33190 
33191 
33192 
33193 
33194 
33195 
33196 
33197 
33198 
33199 
33200 
33201 
33202 
33203 
33204 
33205 
33206 
33207 
33208 
33209 
33210 
33211 
33212 
33213 
33214 
33215 
33216 
33217 
33218 
33219 
33220 
33221 
33222 
33223 
33224 
33225 
33226 
33227 
33228 
33229 
33230 
33231 
33232 
33233 
33234 
33235 
33236 
33237 
33238 
33239 
33240 
33241 
33242 
33243 
33244 
33245 
33246 
33247 
33248 
33249 
33250 
33251 
33252 
33253 
33254 
33255 
33256 
33257 
33258 
33259 
33260 
33261 
33262 
33263 
33264 
33265 
33266 
33267 
33268 
33269 
33270 
33271 
33272 
33273 
33274 
33275 
33276 
33277 
33278 
33279 
33280 
33281 
33282 
33283 
33284 
33285 
33286 
33287 
33288 
33289 
33290 
33291 
33292 
33293 
33294 
33295 
33296 
33297 
33298 
33299 
33300 
33301 
33302 
33303 
33304 
33305 
33306 
33307 
33308 
33309 
33310 
33311 
33312 
33313 
33314 
33315 
33316 
33317 
33318 
33319 
33320 
33321 
33322 
33323 
33324 
33325 
33326 
33327 
33328 
33329 
33330 
33331 
33332 
33333 
33334 
33335 
33336 
33337 
33338 
33339 
33340 
33341 
33342 
33343 
33344 
33345 
33346 
33347 
33348 
33349 
33350 
33351 
33352 
33353 
33354 
33355 
33356 
33357 
33358 
33359 
33360 
33361 
33362 
33363 
33364 
33365 
33366 
33367 
33368 
33369 
33370 
33371 
33372 
33373 
33374 
33375 
33376 
33377 
33378 
33379 
33380 
33381 
33382 
33383 
33384 
33385 
33386 
33387 
33388 
33389 
33390 
33391 
33392 
33393 
33394 
33395 
33396 
33397 
33398 
33399 
33400 
33401 
33402 
33403 
33404 
33405 
33406 
33407 
33408 
33409 
33410 
33411 
33412 
33413 
33414 
33415 
33416 
33417 
33418 
33419 
33420 
33421 
33422 
33423 
33424 
33425 
33426 
33427 
33428 
33429 
33430 
33431 
33432 
33433 
33434 
33435 
33436 
33437 
33438 
33439 
33440 
33441 
33442 
33443 
33444 
33445 
33446 
33447 
33448 
33449 
33450 
33451 
33452 
33453 
33454 
33455 
33456 
33457 
33458 
33459 
33460 
33461 
33462 
33463 
33464 
33465 
33466 
33467 
33468 
33469 
33470 
33471 
33472 
33473 
33474 
33475 
33476 
33477 
33478 
33479 
33480 
33481 
33482 
33483 
33484 
33485 
33486 
33487 
33488 
33489 
33490 
33491 
33492 
33493 
33494 
33495 
33496 
33497 
33498 
33499 
33500 
33501 
33502 
33503 
33504 
33505 
33506 
33507 
33508 
33509 
33510 
33511 
33512 
33513 
33514 
33515 
33516 
33517 
33518 
33519 
33520 
33521 
33522 
33523 
33524 
33525 
33526 
33527 
33528 
33529 
33530 
33531 
33532 
33533 
33534 
33535 
33536 
33537 
33538 
33539 
33540 
33541 
33542 
33543 
33544 
33545 
33546 
33547 
33548 
33549 
33550 
33551 
33552 
33553 
33554 
33555 
33556 
33557 
33558 
33559 
33560 
33561 
33562 
33563 
33564 
33565 
33566 
33567 
33568 
33569 
33570 
33571 
33572 
33573 
33574 
33575 
33576 
33577 
33578 
33579 
33580 
33581 
33582 
33583 
33584 
33585 
33586 
33587 
33588 
33589 
33590 
33591 
33592 
33593 
33594 
33595 
33596 
33597 
33598 
33599 
33600 
33601 
33602 
33603 
33604 
33605 
33606 
33607 
33608 
33609 
33610 
33611 
33612 
33613 
33614 
33615 
33616 
33617 
33618 
33619 
33620 
33621 
33622 
33623 
33624 
33625 
33626 
33627 
33628 
33629 
33630 
33631 
33632 
33633 
33634 
33635 
33636 
33637 
33638 
33639 
33640 
33641 
33642 
33643 
33644 
33645 
33646 
33647 
33648 
33649 
33650 
33651 
33652 
33653 
33654 
33655 
33656 
33657 
33658 
33659 
33660 
33661 
33662 
33663 
33664 
33665 
33666 
33667 
33668 
33669 
33670 
33671 
33672 
33673 
33674 
33675 
33676 
33677 
33678 
33679 
33680 
33681 
33682 
33683 
33684 
33685 
33686 
33687 
33688 
33689 
33690 
33691 
33692 
33693 
33694 
33695 
33696 
33697 
33698 
33699 
33700 
33701 
33702 
33703 
33704 
33705 
33706 
33707 
33708 
33709 
33710 
33711 
33712 
33713 
33714 
33715 
33716 
33717 
33718 
33719 
33720 
33721 
33722 
33723 
33724 
33725 
33726 
33727 
33728 
33729 
33730 
33731 
33732 
33733 
33734 
33735 
33736 
33737 
33738 
33739 
33740 
33741 
33742 
33743 
33744 
33745 
33746 
33747 
33748 
33749 
33750 
33751 
33752 
33753 
33754 
33755 
33756 
33757 
33758 
33759 
33760 
33761 
33762 
33763 
33764 
33765 
33766 
33767 
33768 
33769 
33770 
33771 
33772 
33773 
33774 
33775 
33776 
33777 
33778 
33779 
33780 
33781 
33782 
33783 
33784 
33785 
33786 
33787 
33788 
33789 
33790 
33791 
33792 
33793 
33794 
33795 
33796 
33797 
33798 
33799 
33800 
33801 
33802 
33803 
33804 
33805 
33806 
33807 
33808 
33809 
33810 
33811 
33812 
33813 
33814 
33815 
33816 
33817 
33818 
33819 
33820 
33821 
33822 
33823 
33824 
33825 
33826 
33827 
33828 
33829 
33830 
33831 
33832 
33833 
33834 
33835 
33836 
33837 
33838 
33839 
33840 
33841 
33842 
33843 
33844 
33845 
33846 
33847 
33848 
33849 
33850 
33851 
33852 
33853 
33854 
33855 
33856 
33857 
33858 
33859 
33860 
33861 
33862 
33863 
33864 
33865 
33866 
33867 
33868 
33869 
33870 
33871 
33872 
33873 
33874 
33875 
33876 
33877 
33878 
33879 
33880 
33881 
33882 
33883 
33884 
33885 
33886 
33887 
33888 
33889 
33890 
33891 
33892 
33893 
33894 
33895 
33896 
33897 
33898 
33899 
33900 
33901 
33902 
33903 
33904 
33905 
33906 
33907 
33908 
33909 
33910 
33911 
33912 
33913 
33914 
33915 
33916 
33917 
33918 
33919 
33920 
33921 
33922 
33923 
33924 
33925 
33926 
33927 
33928 
33929 
33930 
33931 
33932 
33933 
33934 
33935 
33936 
33937 
33938 
33939 
33940 
33941 
33942 
33943 
33944 
33945 
33946 
33947 
33948 
33949 
33950 
33951 
33952 
33953 
33954 
33955 
33956 
33957 
33958 
33959 
33960 
33961 
33962 
33963 
33964 
33965 
33966 
33967 
33968 
33969 
33970 
33971 
33972 
33973 
33974 
33975 
33976 
33977 
33978 
33979 
33980 
33981 
33982 
33983 
33984 
33985 
33986 
33987 
33988 
33989 
33990 
33991 
33992 
33993 
33994 
33995 
33996 
33997 
33998 
33999 
34000 
34001 
34002 
34003 
34004 
34005 
34006 
34007 
34008 
34009 
34010 
34011 
34012 
34013 
34014 
34015 
34016 
34017 
34018 
34019 
34020 
34021 
34022 
34023 
34024 
34025 
34026 
34027 
34028 
34029 
34030 
34031 
34032 
34033 
34034 
34035 
34036 
34037 
34038 
34039 
34040 
34041 
34042 
34043 
34044 
34045 
34046 
34047 
34048 
34049 
34050 
34051 
34052 
34053 
34054 
34055 
34056 
34057 
34058 
34059 
34060 
34061 
34062 
34063 
34064 
34065 
34066 
34067 
34068 
34069 
34070 
34071 
34072 
34073 
34074 
34075 
34076 
34077 
34078 
34079 
34080 
34081 
34082 
34083 
34084 
34085 
34086 
34087 
34088 
34089 
34090 
34091 
34092 
34093 
34094 
34095 
34096 
34097 
34098 
34099 
34100 
34101 
34102 
34103 
34104 
34105 
34106 
34107 
34108 
34109 
34110 
34111 
34112 
34113 
34114 
34115 
34116 
34117 
34118 
34119 
34120 
34121 
34122 
34123 
34124 
34125 
34126 
34127 
34128 
34129 
34130 
34131 
34132 
34133 
34134 
34135 
34136 
34137 
34138 
34139 
34140 
34141 
34142 
34143 
34144 
34145 
34146 
34147 
34148 
34149 
34150 
34151 
34152 
34153 
34154 
34155 
34156 
34157 
34158 
34159 
34160 
34161 
34162 
34163 
34164 
34165 
34166 
34167 
34168 
34169 
34170 
34171 
34172 
34173 
34174 
34175 
34176 
34177 
34178 
34179 
34180 
34181 
34182 
34183 
34184 
34185 
34186 
34187 
34188 
34189 
34190 
34191 
34192 
34193 
34194 
34195 
34196 
34197 
34198 
34199 
34200 
34201 
34202 
34203 
34204 
34205 
34206 
34207 
34208 
34209 
34210 
34211 
34212 
34213 
34214 
34215 
34216 
34217 
34218 
34219 
34220 
34221 
38353 
38354 
38355 
38356 
38404 
38405 
38406 
38407 
38408 
38409 
38410 
38411 
38412 
38413 
38414 
38415 
38416 
38417 
38418 
38419 
38420 
38421 
38422 
38455 
38456 
38457 
38458 
38459 
38460 
38461 
38462 
38463 
38464 
38465 
38466 
38467 
38468 
38469 
38470 
38471 
38472 
38473 
38474 
38475 
38476 
38477 
38478 
38479 
38480 
38481 
38482 
38483 
38484 
38485 
38486 
38487 
38488 
38489 
38490 
38491 
38492 
38493 
38494 
38495 
38496 
38497 
38498 
38499 
38500 
38501 
38502 
38503 
38504 
38505 
38506 
38507 
38508 
38509 
38510 
38511 
38512 
38513 
38514 
38515 
38516 
38517 
38518 
38519 
38520 
38521 
38522 
38523 
38524 
38525 
38526 
38527 
38528 
38529 
38530 
38531 
38532 
38533 
38534 
38535 
38536 
38537 
38538 
38539 
38540 
38541 
38542 
38543 
38544 
38545 
38546 
38547 
38548 
38549 
38550 
38551 
38552 
38553 
38554 
38555 
38556 
38557 
38558 
38559 
38560 
38561 
38562 
38563 
38564 
38565 
38566 
38567 
38568 
38569 
38570 
38571 
38572 
38573 
38574 
38575 
38576 
38577 
38578 
38579 
38580 
38581 
38582 
38583 
38584 
38585 
38586 
38587 
38588 
38589 
38590 
38591 
38592 
38593 
38594 
38595 
38596 
38597 
38598 
38599 
38600 
38601 
38602 
38603 
38604 
38605 
38606 
38607 
9642 
9643 
9644 
9645 
9646 
9647 
9648 
9649 
9650 
9651 
9652 
9653 
9654 
9655 
9656 
9657 
9658 
9659 
9678 
9679 
9680 
9681 
9682 
9683 
9684 
9685 
9686 
9687 
9688 
9689 
9690 
9691 
9692 
9693 
9694 
9714 
9715 
9716 
9717 
9718 
9719 
9720 
9721 
9722 
9723 
9724 
9725 
9726 
9727 
9728 
9729 
9750 
9751 
9752 
9753 
9754 
9755 
9756 
9757 
9758 
9759 
9760 
9761 
9762 
9763 
9764 
9786 
9787 
9788 
9789 
9790 
9791 
9792 
9793 
9794 
9795 
9796 
9797 
9798 
9799 
9821 
9822 
9823 
9824 
9825 
9826 
9827 
9828 
9829 
9830 
9831 
9832 
9833 
9834 
9857 
9858 
9859 
9860 
9861 
9862 
9863 
9864 
9865 
9866 
9867 
9868 
9869 
9892 
9893 
9894 
9895 
9896 
9897 
9898 
9899 
9900 
9901 
9902 
9903 
9904 
9923 
9924 
9925 
9926 
9927 
9928 
9929 
9930 
9931 
9932 
9933 
9934 
9935 
9936 
9937 
9938 
9939 
9958 
9959 
9960 
9961 
9962 
9963 
9964 
9965 
9966 
9967 
9968 
9969 
9970 
9971 
9972 
9973 
9974 
9993 
9994 
9995 
9996 
9997 
9998 
9999 
10000 
10001 
10002 
10003 
10004 
10005 
10006 
10007 
10008 
10009 
10028 
10029 
10030 
10031 
10032 
10033 
10034 
10035 
10036 
10037 
10038 
10039 
10040 
10041 
10042 
10043 
10044 
10063 
10064 
10065 
10066 
10067 
10068 
10069 
10070 
10071 
10072 
10073 
10074 
10075 
10076 
10077 
10078 
10079 
10098 
10099 
10100 
10101 
10102 
10103 
10104 
10105 
10106 
10107 
10108 
10109 
10110 
10111 
10112 
10113 
10114 
10133 
10134 
10135 
10136 
10137 
10138 
10139 
10140 
10141 
10142 
10143 
10144 
10145 
10146 
10147 
10148 
10149 
10168 
10169 
10170 
10171 
10172 
10173 
10174 
10175 
10176 
10177 
10178 
10179 
10180 
10181 
10182 
10183 
10184 
10203 
10204 
10205 
10206 
10207 
10208 
10209 
10210 
10211 
10212 
10213 
10214 
10215 
10216 
10217 
10218 
10219 
10238 
10239 
10240 
10241 
10242 
10243 
10244 
10245 
10246 
10247 
10248 
10249 
10250 
10251 
10252 
10253 
10254 
10273 
10274 
10275 
10276 
10277 
10278 
10279 
10280 
10281 
10282 
10283 
10284 
10285 
10286 
10287 
10288 
10289 
10308 
10309 
10310 
10311 
10312 
10313 
10314 
10315 
10316 
10317 
10318 
10319 
10320 
10321 
10322 
10323 
10324 
10343 
10344 
10345 
10346 
10347 
10348 
10349 
10350 
10351 
10352 
10353 
10354 
10355 
10356 
10357 
10358 
10359 
10378 
10379 
10380 
10381 
10382 
10383 
10384 
10385 
10386 
10387 
10388 
10389 
10390 
10391 
10392 
10393 
10394 
12828 
12863 
12898 
12899 
12933 
12934 
12935 
12968 
12969 
12970 
13003 
13004 
13005 
13006 
13038 
13039 
13040 
13041 
13042 
13073 
13074 
13075 
13076 
13077 
13078 
13108 
13109 
13110 
13111 
13112 
13113 
13114 
13143 
13144 
13145 
13146 
13147 
13148 
13149 
13150 
13151 
13178 
13179 
13180 
13181 
13182 
13183 
13184 
13185 
13186 
13187 
13188 
13213 
13214 
13215 
13216 
13217 
13218 
13219 
13220 
13221 
13222 
13223 
13224 
13225 
13226 
13227 
13248 
13249 
13250 
13251 
13252 
13253 
13254 
13255 
13256 
13257 
13258 
13259 
13260 
13261 
13262 
13263 
13264 
13283 
13284 
13285 
13286 
13287 
13288 
13289 
13290 
13291 
13292 
13293 
13294 
13295 
13296 
13297 
13298 
13299 
13318 
13319 
13320 
13321 
13322 
13323 
13324 
13325 
13326 
13327 
13328 
13329 
13330 
13331 
13332 
13333 
13334 
13353 
13354 
13355 
13356 
13357 
13358 
13359 
13360 
13361 
13362 
13363 
13364 
13365 
13366 
13367 
13368 
13369 
13388 
13389 
13390 
13391 
13392 
13393 
13394 
13395 
13396 
13397 
13398 
13399 
13400 
13401 
13402 
13403 
13404 
)

// ************************************************************************* //
